The list of neighbor viable pairs of nodes is 
[((19, 6), (20, 6)), <-- first move
 ((20, 5), (20, 6)), 
 ((20, 7), (20, 6)), 
 ((21, 6), (20, 6))]

There is just one zero at y=6, x=20

SIZE, USED, AVAIL

[
 [(86, 73, 13), (86, 69, 17), (86, 64, 22), (85, 64, 21), (87, 65, 22), (85, 64, 21), (87, 69, 18), (88, 67, 21), (92, 70, 22), (91, 67, 24), (94, 73, 21), (89, 71, 18), (94, 66, 28), (88, 68, 20), (87, 73, 14), (88, 69, 19), (92, 69, 23), (90, 73, 17), (86, 69, 17), (87, 67, 20), (91, 66, 25), (90, 65, 25), (89, 73, 16), (91, 70, 21), (88, 64, 24), (89, 68, 21), (90, 71, 19), (93, 66, 27), (88, 68, 20), (94, 68, 26), (91, 68, 23), (85, 66, 19), (92, 66, 26), (90, 66, 24), (85, 67, 18), (91, 70, 21), (93, 70, 23)], 
 [(88, 65, 23), (94, 65, 29), (92, 73, 19), (90, 66, 24), (85, 68, 17), (90, 68, 22), (90, 73, 17), (88, 68, 20), (88, 70, 18), (94, 72, 22), (88, 68, 20), (88, 73, 15), (90, 70, 20), (85, 68, 17), (91, 65, 26), (91, 67, 24), (86, 70, 16), (91, 69, 22), (89, 68, 21), (85, 66, 19), (87, 70, 17), (91, 73, 18), (91, 65, 26), (91, 73, 18), (89, 73, 16), (91, 73, 18), (91, 69, 22), (92, 72, 20), (90, 66, 24), (91, 69, 22), (91, 68, 23), (87, 66, 21), (90, 70, 20), (87, 67, 20), (90, 71, 19), (88, 64, 24), (94, 70, 24)], 
 [(88, 68, 20), (92, 66, 26), (94, 72, 22), (92, 68, 24), (85, 73, 12), (94, 64, 30), (86, 64, 22), (90, 64, 26), (89, 72, 17), (89, 65, 24), (93, 64, 29), (87, 65, 22), (86, 68, 18), (87, 72, 15), (87, 64, 23), #  , #  , #  , #  , #  , #  , #  , #  , #  , #  , #  , #  , #  , #  , #  , #  , #  , #  , #  , #  , #  , #  ], 
 [(85, 71, 14), (87, 73, 14), (91, 72, 19), (93, 67, 26), (91, 71, 20), (93, 66, 27), (85, 73, 12), (89, 65, 24), (94, 67, 27), (90, 71, 19), (90, 71, 19), (93, 70, 23), (88, 73, 15), (94, 64, 30), (88, 72, 16), (91, 70, 21), (92, 70, 22), (88, 68, 20), (93, 67, 26), (92, 64, 28), (94, 64, 30), (92, 64, 28), (86, 67, 19), (89, 64, 25), (94, 72, 22), (92, 69, 23), (93, 73, 20), (89, 69, 20), (92, 72, 20), (94, 70, 24), (87, 73, 14), (85, 65, 20), (87, 67, 20), (93, 69, 24), (92, 68, 24), (93, 69, 24), (86, 65, 21)], 
 [(90, 73, 17), (86, 70, 16), (88, 65, 23), (94, 72, 22), (89, 64, 25), (93, 67, 26), (85, 73, 12), (94, 66, 28), (86, 70, 16), (85, 66, 19), (90, 64, 26), (93, 65, 28), (89, 73, 16), (85, 71, 14), (90, 65, 25), (92, 71, 21), (87, 67, 20), (94, 66, 28), (89, 67, 22), (87, 70, 17), (86, 65, 21), (92, 70, 22), (91, 69, 22), (88, 64, 24), (91, 68, 23), (86, 72, 14), (92, 66, 26), (88, 70, 18), (92, 72, 20), (88, 64, 24), (93, 73, 20), (90, 70, 20), (86, 70, 16), (91, 64, 27), (92, 64, 28), (86, 68, 18), (90, 64, 26)], 
 [(86, 65, 21), (85, 73, 12), (90, 70, 20), (87, 73, 14), (85, 67, 18), (94, 66, 28), (89, 69, 20), (92, 65, 27), (87, 65, 22), (94, 68, 26), (88, 65, 23), (90, 68, 22), (93, 71, 22), (86, 71, 15), (91, 69, 22), (90, 67, 23), (90, 68, 22), (91, 72, 19), (90, 72, 18), (90, 71, 19), (92, 68, 24), (89, 68, 21), (87, 65, 22), (90, 66, 24), (87, 64, 23), (94, 72, 22), (85, 67, 18), (89, 64, 25), (92, 73, 19), (93, 69, 24), (91, 64, 27), (87, 70, 17), (91, 68, 23), (89, 70, 19), (86, 67, 19), (90, 73, 17), (90, 71, 19)], 
 [(89, 73, 16), (87, 70, 17), (86, 64, 22), (89, 66, 23), (91, 65, 26), (88, 66, 22), (91, 67, 24), (91, 64, 27), (91, 69, 22), (92, 73, 19), (86, 68, 18), (89, 72, 17), (88, 68, 20), (88, 72, 16), (90, 66, 24), (92, 65, 27), (93, 67, 26), (89, 64, 25), (86, 70, 16), (93, 71, 22), (92, 0, 92), (94, 68, 26), (88, 67, 21), (94, 65, 29), (87, 73, 14), (93, 71, 22), (88, 65, 23), (93, 65, 28), (85, 69, 16), (86, 71, 15), (89, 67, 22), (93, 68, 25), (90, 71, 19), (86, 68, 18), (88, 67, 21), (90, 67, 23), (91, 67, 24)], 
 [(92, 72, 20), (92, 71, 21), (93, 68, 25), (91, 65, 26), (91, 69, 22), (90, 72, 18), (92, 68, 24), (86, 70, 16), (88, 64, 24), (89, 73, 16), (92, 68, 24), (89, 70, 19), (87, 73, 14), (88, 65, 23), (86, 67, 19), (89, 73, 16), (88, 70, 18), (89, 70, 19), (87, 71, 16), (94, 64, 30), (94, 70, 24), (94, 73, 21), (87, 70, 17), (85, 68, 17), (85, 70, 15), (93, 72, 21), (85, 69, 16), (91, 66, 25), (92, 69, 23), (88, 67, 21), (88, 69, 19), (92, 73, 19), (87, 69, 18), (91, 65, 26), (87, 66, 21), (94, 64, 30), (88, 66, 22)], 
 [(94, 68, 26), (86, 73, 13), (93, 73, 20), (93, 66, 27), (91, 69, 22), (90, 68, 22), (89, 65, 24), (92, 67, 25), (94, 67, 27), (87, 68, 19), (93, 72, 21), (92, 73, 19), (93, 71, 22), (92, 67, 25), (86, 71, 15), (90, 70, 20), (86, 67, 19), (90, 67, 23), (85, 69, 16), (86, 67, 19), (85, 68, 17), (88, 65, 23), (86, 72, 14), (93, 66, 27), (92, 69, 23), (93, 70, 23), (90, 73, 17), (92, 65, 27), (85, 68, 17), (90, 73, 17), (92, 69, 23), (87, 69, 18), (87, 64, 23), (93, 64, 29), (87, 70, 17), (87, 70, 17), (87, 72, 15)], 
 [(94, 71, 23), (90, 70, 20), (88, 69, 19), (92, 66, 26), (90, 68, 22), (92, 65, 27), (88, 65, 23), (88, 68, 20), (88, 68, 20), (90, 69, 21), (88, 70, 18), (90, 66, 24), (88, 69, 19), (93, 65, 28), (90, 71, 19), (87, 65, 22), (94, 65, 29), (89, 67, 22), (92, 71, 21), (90, 67, 23), (92, 73, 19), (92, 65, 27), (85, 67, 18), (93, 66, 27), (86, 68, 18), (86, 73, 13), (94, 64, 30), (86, 65, 21), (85, 69, 16), (85, 66, 19), (85, 67, 18), (87, 64, 23), (94, 69, 25), (87, 68, 19), (90, 72, 18), (91, 68, 23), (89, 68, 21)], 
 [(94, 71, 23), (90, 70, 20), (93, 66, 27), (87, 70, 17), (88, 68, 20), (90, 73, 17), (87, 72, 15), (88, 69, 19), (90, 65, 25), (88, 68, 20), (90, 72, 18), (88, 71, 17), (93, 65, 28), (94, 69, 25), (88, 71, 17), (85, 67, 18), (93, 65, 28), (91, 67, 24), (89, 64, 25), (92, 72, 20), (89, 67, 22), (94, 71, 23), (88, 66, 22), (90, 64, 26), (93, 65, 28), (90, 69, 21), (91, 66, 25), (92, 71, 21), (88, 72, 16), (92, 66, 26), (94, 71, 23), (89, 64, 25), (87, 72, 15), (90, 73, 17), (87, 66, 21), (91, 64, 27), (88, 68, 20)], 
 [(88, 65, 23), (88, 67, 21), (93, 69, 24), (93, 70, 23), (86, 73, 13), (86, 67, 19), (89, 71, 18), (86, 68, 18), (88, 71, 17), (86, 72, 14), (90, 66, 24), (89, 67, 22), (88, 71, 17), (85, 68, 17), (90, 68, 22), (89, 70, 19), (93, 71, 22), (91, 70, 21), (85, 72, 13), (94, 72, 22), (86, 69, 17), (85, 70, 15), (90, 68, 22), (86, 64, 22), (90, 69, 21), (91, 67, 24), (94, 67, 27), (89, 64, 25), (90, 70, 20), (87, 69, 18), (89, 66, 23), (94, 65, 29), (89, 72, 17), (92, 64, 28), (87, 69, 18), (89, 73, 16), (85, 66, 19)], 
 [(91, 71, 20), (89, 71, 18), (89, 70, 19), (86, 68, 18), (89, 69, 20), (86, 72, 14), (85, 68, 17), (92, 65, 27), (90, 66, 24), (88, 68, 20), (90, 73, 17), (88, 64, 24), (94, 69, 25), (86, 68, 18), (93, 73, 20), (87, 69, 18), (89, 69, 20), (89, 72, 17), (85, 67, 18), (86, 67, 19), (88, 73, 15), (90, 67, 23), (89, 68, 21), (87, 70, 17), (87, 70, 17), (85, 64, 21), (87, 70, 17), (92, 67, 25), (86, 66, 20), (89, 66, 23), (93, 67, 26), (87, 70, 17), (94, 69, 25), (88, 65, 23), (90, 66, 24), (89, 68, 21), (91, 65, 26)], 
 [(87, 65, 22), (87, 69, 18), (94, 73, 21), (91, 64, 27), (88, 72, 16), (88, 71, 17), (93, 72, 21), (89, 64, 25), (86, 67, 19), (89, 68, 21), (93, 72, 21), (87, 66, 21), (88, 65, 23), (94, 65, 29), (94, 69, 25), (90, 69, 21), (88, 67, 21), (94, 70, 24), (87, 70, 17), (91, 71, 20), (94, 64, 30), (88, 69, 19), (90, 68, 22), (93, 73, 20), (88, 69, 19), (85, 68, 17), (85, 72, 13), (92, 66, 26), (88, 72, 16), (88, 65, 23), (88, 73, 15), (93, 65, 28), (89, 70, 19), (86, 71, 15), (85, 66, 19), (94, 69, 25), (87, 69, 18)], 
 [(88, 68, 20), (90, 65, 25), (91, 71, 20), (93, 72, 21), (85, 65, 20), (92, 65, 27), (90, 70, 20), (93, 69, 24), (89, 73, 16), (92, 67, 25), (93, 68, 25), (86, 73, 13), (93, 70, 23), (88, 65, 23), (89, 67, 22), (87, 64, 23), (85, 73, 12), (93, 68, 25), (90, 70, 20), (89, 66, 23), (93, 64, 29), (85, 67, 18), (88, 68, 20), (89, 72, 17), (86, 68, 18), (85, 71, 14), (90, 69, 21), (88, 67, 21), (89, 68, 21), (91, 67, 24), (85, 64, 21), (94, 69, 25), (90, 71, 19), (93, 71, 22), (85, 64, 21), (90, 70, 20), (94, 70, 24)], 
 [(90, 65, 25), (93, 71, 22), (89, 66, 23), (90, 69, 21), (85, 69, 16), (92, 67, 25), (90, 69, 21), (94, 73, 21), (88, 68, 20), (91, 71, 20), (87, 71, 16), (93, 65, 28), (91, 64, 27), (88, 67, 21), (92, 69, 23), (87, 70, 17), (92, 70, 22), (85, 68, 17), (92, 67, 25), (91, 65, 26), (86, 65, 21), (86, 72, 14), (89, 72, 17), (91, 66, 25), (93, 73, 20), (92, 71, 21), (93, 73, 20), (93, 64, 29), (91, 67, 24), (94, 68, 26), (90, 71, 19), (92, 66, 26), (93, 64, 29), (88, 69, 19), (93, 72, 21), (91, 69, 22), (87, 67, 20)], 
 [(89, 68, 21), (94, 65, 29), (87, 69, 18), (87, 66, 21), (87, 65, 22), (91, 68, 23), (89, 64, 25), (93, 70, 23), (88, 69, 19), (86, 68, 18), (91, 65, 26), (94, 66, 28), (90, 70, 20), (91, 64, 27), (92, 65, 27), (88, 70, 18), (85, 72, 13), (88, 64, 24), (91, 73, 18), (93, 69, 24), (89, 70, 19), (89, 64, 25), (92, 65, 27), (93, 64, 29), (87, 71, 16), (91, 64, 27), (94, 73, 21), (91, 66, 25), (85, 68, 17), (93, 70, 23), (86, 69, 17), (90, 72, 18), (88, 65, 23), (91, 69, 22), (89, 73, 16), (89, 72, 17), (88, 72, 16)], 
 [(89, 72, 17), (89, 72, 17), (86, 65, 21), (91, 68, 23), (89, 65, 24), (89, 66, 23), (89, 67, 22), (88, 71, 17), (89, 73, 16), (87, 68, 19), (86, 64, 22), (93, 69, 24), (91, 68, 23), (90, 67, 23), (89, 73, 16), (92, 66, 26), (94, 70, 24), (85, 71, 14), (85, 73, 12), (93, 66, 27), (94, 68, 26), (93, 73, 20), (90, 66, 24), (89, 67, 22), (91, 71, 20), (93, 67, 26), (87, 66, 21), (89, 66, 23), (94, 65, 29), (90, 70, 20), (90, 68, 22), (88, 71, 17), (86, 73, 13), (87, 70, 17), (85, 64, 21), (94, 67, 27), (90, 69, 21)], 
 [(85, 65, 20), (87, 65, 22), (94, 66, 28), (92, 72, 20), (92, 66, 26), (92, 73, 19), (94, 69, 25), (89, 67, 22), (85, 68, 17), (94, 73, 21), (92, 71, 21), (91, 70, 21), (92, 67, 25), (90, 64, 26), (86, 64, 22), (85, 65, 20), (89, 69, 20), (85, 71, 14), (92, 72, 20), (87, 68, 19), (86, 64, 22), (87, 70, 17), (87, 64, 23), (85, 64, 21), (90, 68, 22), (88, 66, 22), (88, 71, 17), (94, 73, 21), (87, 68, 19), (90, 73, 17), (93, 73, 20), (88, 68, 20), (90, 73, 17), (93, 67, 26), (94, 69, 25), (89, 64, 25), (87, 65, 22)], 
 [(90, 73, 17), (89, 65, 24), (85, 64, 21), (85, 71, 14), (88, 68, 20), (85, 65, 20), (90, 70, 20), (90, 64, 26), (92, 68, 24), (94, 68, 26), (93, 64, 29), (92, 68, 24), (85, 65, 20), (86, 64, 22), (90, 72, 18), (88, 72, 16), (86, 66, 20), (93, 69, 24), (93, 69, 24), (88, 69, 19), (93, 67, 26), (88, 64, 24), (87, 64, 23), (87, 65, 22), (94, 66, 28), (87, 64, 23), (91, 73, 18), (91, 72, 19), (94, 65, 29), (91, 69, 22), (90, 71, 19), (89, 71, 18), (89, 66, 23), (90, 73, 17), (86, 71, 15), (91, 64, 27), (91, 67, 24)], 
 [(89, 68, 21), (87, 66, 21), (92, 67, 25), (87, 71, 16), (87, 68, 19), (90, 66, 24), (87, 68, 19), (87, 69, 18), (93, 67, 26), (92, 72, 20), (90, 69, 21), (93, 68, 25), (86, 68, 18), (90, 69, 21), (85, 73, 12), (85, 69, 16), (94, 70, 24), (86, 69, 17), (88, 72, 16), (92, 64, 28), (92, 69, 23), (86, 72, 14), (87, 69, 18), (88, 69, 19), (88, 71, 17), (90, 66, 24), (86, 69, 17), (88, 71, 17), (94, 67, 27), (94, 68, 26), (90, 71, 19), (88, 69, 19), (92, 71, 21), (88, 68, 20), (86, 69, 17), (88, 64, 24), (89, 73, 16)], 
 [(90, 70, 20), (88, 68, 20), (88, 71, 17), (92, 71, 21), (85, 68, 17), (85, 68, 17), (91, 66, 25), (90, 72, 18), (89, 65, 24), (86, 66, 20), (94, 73, 21), (85, 64, 21), (90, 73, 17), (85, 73, 12), (92, 69, 23), (92, 64, 28), (85, 65, 20), (88, 68, 20), (93, 71, 22), (91, 68, 23), (91, 67, 24), (87, 69, 18), (87, 73, 14), (85, 64, 21), (92, 71, 21), (86, 65, 21), (88, 65, 23), (90, 67, 23), (86, 66, 20), (89, 69, 20), (87, 66, 21), (93, 72, 21), (93, 73, 20), (86, 68, 18), (86, 70, 16), (86, 72, 14), (86, 67, 19)], 
 [(88, 73, 15), (91, 67, 24), (85, 71, 14), (89, 69, 20), (87, 71, 16), (88, 65, 23), (86, 64, 22), (90, 70, 20), (94, 71, 23), (87, 66, 21), (92, 70, 22), (94, 73, 21), (91, 67, 24), (86, 67, 19), (89, 68, 21), (88, 73, 15), (87, 72, 15), (89, 70, 19), (88, 69, 19), (92, 66, 26), (86, 71, 15), (93, 68, 25), (86, 65, 21), (91, 64, 27), (89, 73, 16), (87, 69, 18), (90, 70, 20), (93, 65, 28), (94, 68, 26), (89, 70, 19), (87, 69, 18), (88, 73, 15), (87, 71, 16), (94, 70, 24), (86, 72, 14), (87, 65, 22), (93, 68, 25)], 
 [(94, 71, 23), (89, 68, 21), (87, 69, 18), (90, 66, 24), (94, 66, 28), (94, 66, 28), (87, 73, 14), (90, 64, 26), (90, 65, 25), (89, 65, 24), (94, 73, 21), (88, 72, 16), (90, 72, 18), (94, 64, 30), (85, 71, 14), (89, 73, 16), (90, 70, 20), (85, 71, 14), (87, 69, 18), (93, 68, 25), (94, 71, 23), (91, 71, 20), (86, 67, 19), (92, 72, 20), (90, 73, 17), (91, 65, 26), (85, 72, 13), (92, 69, 23), (87, 67, 20), (87, 66, 21), (85, 64, 21), (88, 71, 17), (90, 73, 17), (85, 65, 20), (93, 68, 25), (93, 73, 20), (87, 64, 23)], 
 [(94, 67, 27), (85, 68, 17), (91, 65, 26), (89, 70, 19), (94, 69, 25), (88, 67, 21), (85, 67, 18), (90, 65, 25), (88, 64, 24), (86, 64, 22), (94, 64, 30), (90, 67, 23), (86, 73, 13), (89, 65, 24), (89, 64, 25), (94, 69, 25), (94, 72, 22), (93, 64, 29), (92, 67, 25), (90, 71, 19), (92, 66, 26), (92, 66, 26), (86, 69, 17), (86, 69, 17), (93, 71, 22), (91, 64, 27), (85, 71, 14), (87, 68, 19), (91, 70, 21), (88, 65, 23), (90, 70, 20), (88, 69, 19), (93, 68, 25), (86, 67, 19), (90, 68, 22), (87, 64, 23), (85, 69, 16)], 
 [(87, 64, 23), (85, 65, 20), (92, 66, 26), (93, 70, 23), (89, 69, 20), (88, 69, 19), (85, 70, 15), (92, 67, 25), (87, 73, 14), (86, 67, 19), (85, 64, 21), (87, 66, 21), (89, 65, 24), (94, 66, 28), (91, 68, 23), (90, 66, 24), (86, 69, 17), (91, 70, 21), (91, 64, 27), (87, 69, 18), (92, 70, 22), (87, 66, 21), (92, 67, 25), (89, 69, 20), (87, 68, 19), (93, 71, 22), (88, 64, 24), (88, 67, 21), (86, 68, 18), (94, 73, 21), (91, 70, 21), (90, 69, 21), (90, 67, 23), (86, 67, 19), (90, 67, 23), (93, 66, 27), (94, 73, 21)], 
 [(86, 72, 14), (85, 68, 17), (91, 64, 27), (86, 72, 14), (89, 70, 19), (89, 72, 17), (88, 73, 15), (92, 64, 28), (91, 73, 18), (90, 72, 18), (93, 69, 24), (92, 70, 22), (89, 64, 25), (92, 72, 20), (92, 69, 23), (90, 65, 25), (86, 72, 14), (87, 68, 19), (86, 67, 19), (85, 65, 20), (86, 69, 17), (86, 69, 17), (94, 64, 30), (93, 66, 27), (94, 71, 23), (93, 73, 20), (93, 69, 24), (91, 72, 19), (88, 73, 15), (93, 69, 24), (86, 70, 16), (88, 70, 18), (93, 71, 22), (88, 73, 15), (92, 70, 22), (88, 70, 18), (85, 70, 15)]
]

[
 [....................................G] 
 [.....................................] 
 [...............######################] 
 [.....................................] 
 [.....................................] 
 [.....................................] 
 [...................._................] 
 [.....................................] 
 [.....................................] 
 [.....................................] 
 [.....................................] 
 [.....................................] 
 [.....................................] 
 [.....................................] 
 [.....................................] 
 [.....................................] 
 [.....................................] 
 [.....................................] 
 [.....................................] 
 [.....................................] 
 [.....................................] 
 [.....................................] 
 [.....................................] 
 [.....................................] 
 [.....................................] 
 [.....................................] 
 [.....................................]
]

have to move G 36 to the left

34 moves to get to G, moving it one left
 5 moves to get one to the left after that
 35 times
 34 + 35*5 = 209
 
