   (0, 1)
     |
  58 |
     |     285            281           213           237            439
  (13, 5) ----- (19, 35) ---- (19, 63) ---- (11, 79) ---- (13, 109) -----
     |             |             |             |             |           \
 137 |          43 |          91 |          99 |          63 |            \
     |     207     |       77    |      169    |      133    |       137   \
  (35, 11) ---- (29, 39) ---- (37, 59) ---- (35, 85) ---- (29, 107) ---- (37, 131)
     |             |             |             |             |              |
 255 |         255 |         177 |          95 |         137 |          187 |
     |     175     |      35     |      175    |       71    |       63     |
  (61, 15) ---- (67, 43) ---- (65, 55) ---- (53, 85) ---- (55, 105) ---- (55, 123)
     |             |             |             |             |              |
 191 |          95 |          67 |         159 |         115 |          215 |
     |     115     |     243     |       55    |      227    |       59     |
  (83, 15) ---- (87, 29) ---- (77, 65) ---- (85, 79) ---- (75, 107) ---- (77, 123)
     |             |             |             |             |              |
 181 |         107 |         207 |         151 |         237 |          229 |
     |     105     |     243     |      27     |     161     |       67     |
 (105, 13) --- (107, 35) --- (109, 67) --- (109, 81) --- (111, 111) --- (103, 125)
      \            |             |             |             |              |
   437 \        85 |         115 |         159 |         189 |          265 |
        \          |     281     |     163     |      79     |      127     |
         ----- (137, 33) --- (129, 65) --- (135, 89) --- (135, 107) --- (133, 131)
                                                                            |
                                                                         40 |
                                                                            |
                                                                        (140, 139)
